62.6
190.4
199.4
53.6
123.8
141.8
96.8
136.4
60.8
46.4
32.0
53.6
32.0
131.0
82.4
197.6
125.6
44.6
59.0
197.6
131.0
73.4
195.8
69.8
143.6
183.2
100.4
41.0
170.6
186.8
201.2
132.8
165.2
161.6
42.8
201.2
172.4
73.4
66.2
163.4
41.0
203.0
136.4
143.6
127.4
201.2
152.6
37.4
132.8
197.6
50.0
145.4
156.2
50.0
95.0
114.8
59.0
136.4
149.0
172.4
100.4
98.6
89.6
107.6
145.4
132.8
48.2
33.8
73.4
33.8
93.2
154.4
132.8
158.0
188.6
35.6
84.2
190.4
181.4
113.0
53.6
86.0
41.0
120.2
84.2
140.0
53.6
105.8
87.8
51.8
62.6
86.0
138.2
73.4
176.0
154.4
140.0
161.6